0 0.17142022108755825 0.33608091787439615 0.10830883490639018 0.10064412238325282
0 0.09577595543865079 0.5333433977455717 0.07564426564890744 0.07648953301127216
0 0.07385631027902421 0.6631743156199678 0.10401086526724779 0.11876006441223824
0 0.3992126119621091 0.5303240740740741 0.049856447814052574 0.05636070853462159
0 0.4847422077810443 0.5273047504025765 0.06446954458713712 0.07246376811594211
0 0.6106727182079187 0.4644021739130435 0.06360995065930854 0.07749597423510467
0 0.019521378100985098 0.4843498389694042 -0.039042756201970195 0.07713365539452492
0 0.06654976189248202 0.45182165861513696 0.07392507779325048 0.07045088566827698
0 0.15680712431447386 0.48553743961352663 0.08595939278284938 0.08152173913043477
0 0.23545996871078106 0.12422504025764897 0.06962710815410798 0.0855475040257649
0 0.6760018567228842 0.30387479871175527 0.04641807210273876 0.07045088566827698
0 0.7271476954286795 0.25506239935587766 0.06275035673147995 0.08554750402576493
0 0.7787233310983892 0.22990136876006442 0.06446954458713722 0.07145732689210951
0 0.8406140939020408 0.33205515297906607 0.09541492598896265 0.08252818035426727
0 0.8745680540512663 0.4563506441223833 0.07392507779325058 0.09762479871175529
0 0.22944281121598162 0.7446960547504027 0.06275035673148005 0.07648953301127209
0 0.21740849622638267 0.617884460547504 0.06446954458713706 0.06441223832528173
0 0.18388433304107143 0.6737419484702094 0.05931198102016604 0.07145732689210943
0 0.2655457561847783 0.657638888888889 0.071346296009765 0.06743156199677938
0 0.3033678890092321 0.6999094202898551 0.05931198102016614 0.04931561996779396
0 0.3347430673749721 0.6304649758454107 0.06532913851496559 0.05736714975845416
0 0.41984286622999295 0.6324778582930757 0.05157563566970963 0.05736714975845404
0 0.3665480427046264 0.6692129629629631 0.05157563566970963 0.04629629629629631
0 0.4082383482043084 0.7250704508856683 0.045558478174910176 0.06743156199677938
0 0.45422662334313274 0.703431964573269 0.05329482352536659 0.05233494363929137
0 0.45981398387401795 0.7497282608695653 0.06275035673148005 0.04428341384863129
0 0.46840992315230295 0.793005233494364 0.0610311688758231 0.05233494363929149
0 0.2019358055254698 0.8191727053140098 0.06103116887582305 0.05636070853462153
0 0.5535097220073238 0.7547604669887279 0.08166142314370689 0.09057971014492759
0 0.6566609933467431 0.8186694847020936 0.06962710815410798 0.09158615136876011
0 0.7512163254078774 0.8644625603864734 0.07822304743239297 0.08655394524959743
0 0.5479223614764387 0.8528884863123994 0.07564426564890744 0.05132850241545898
0 0.4602437808379322 0.8916364734299518 0.10315127133941926 0.07447665056360707
0 0.7731359705675039 0.45383454106280197 0.044698884247081704 0.06642512077294688
0 0.8388949060463838 0.5615237520128825 0.04383929031925312 0.05837359098228667
